SelectionSort
6397
8590
9349
10940
12644
14557
16557
18647
20923
23120
25958
28410
31137
34052
37302
40710
43641
47020
49848
54457
57892
61069
65821
70315
74628
77835
83316
88150
93044
97927
InsertionSort
0
0
0
0
0
0
0
0
1
1
1
1
1
1
1
1
1
1
1
1
1
1
1
1
1
2
2
2
2
2
CocktailSort
0
0
0
0
0
0
0
0
0
0
0
0
0
0
0
0
0
0
0
0
0
0
0
1
1
1
1
1
1
1
HeapSort
14
16
18
20
21
23
25
26
28
30
31
33
36
37
39
40
42
44
45
47
49
52
52
58
57
61
60
61
64
67
SelectionSort
6541
7892
9089
10981
12719
14577
16569
18842
21016
23371
25966
28754
31386
34257
37321
40404
43903
47031
50841
54612
58015
62144
66228
69567
74672
79430
84129
88333
91752
97675
InsertionSort
0
0
0
0
0
0
0
0
1
1
1
1
1
1
1
1
1
1
1
1
1
1
1
1
1
2
2
2
2
2
CocktailSort
0
0
0
0
0
0
0
0
0
0
0
0
0
0
0
0
0
0
0
0
0
0
0
1
1
1
1
1
1
1
HeapSort
2
2
2
2
2
3
3
3
3
3
4
4
4
4
5
5
5
5
5
6
6
6
6
6
7
7
7
7
7
8
SelectionSort
6604
8006
9507
10952
12904
14862
16855
19056
21306
23791
26298
28559
31824
34710
37836
41185
44548
47970
51689
55807
59182
63175
67495
71813
76025
80754
85186
89954
95166
100243
InsertionSort
0
0
0
0
0
0
0
0
1
1
1
1
1
1
1
1
1
1
1
1
1
1
1
1
1
2
2
2
2
2
CocktailSort
0
0
0
0
0
0
0
0
0
0
0
0
0
0
0
0
0
0
0
0
0
0
0
1
1
1
1
1
1
1
HeapSort
14
16
18
19
21
23
25
26
28
30
32
33
36
37
38
39
42
44
46
47
50
54
53
55
58
58
61
63
63
65
SelectionSort
6484
7830
9369
10763
12653
14543
16527
18670
20902
23018
25811
28467
31274
34111
37514
40290
43734
46444
50471
54344
58132
61790
66023
70665
73634
77843
83430
88456
93304
98478
InsertionSort
0
0
0
0
0
0
0
0
1
1
1
1
1
1
1
1
1
1
1
1
