SelectionSort
6466
7943
9340
10753
12652
14531
16701
18653
20613
23400
26167
28547
31487
34083
37721
40553
43106
46346
50812
55074
58345
62387
66344
70472
76901
79499
84611
89537
93740
98641
InsertionSort
0
0
1
1
1
1
1
1
1
1
1
1
1
1
1
1
1
1
1
1
1
1
1
1
1
2
2
2
2
2
CocktailSort
0
0
0
0
0
0
0
0
0
0
0
0
0
0
0
0
0
0
0
0
0
1
0
0
1
1
1
1
1
1
HeapSort
15
17
18
19
22
23
26
27
28
30
32
33
35
37
39
41
43
44
48
47
52
50
54
56
58
59
64
62
65
67
