SelectionSort
7433
8957
10657
12527
14772
16610
18916
21331
24047
26646
29607
32598
36027
39117
42826
46542
50021
53831
58145
62546
66485
71091
76139
81136
85202
90636
96531
101503
106801
112337
InsertionSort
11080
13475
16096
18866
21975
25248
28613
32271
35922
40333
44682
49185
53648
59058
64207
69992
75046
81263
87469
93856
100268
107518
114809
121898
128050
137038
145290
152811
160848
169663
CocktailSort
15906
19186
22930
26830
31192
35690
40624
45837
51141
57262
63254
69970
76533
84270
91703
99122
106855
115828
124427
133155
142966
153126
163050
172801
182702
195046
205862
217171
229435
241420
HeapSort
14
16
17
19
21
22
24
26
28
29
30
32
35
35
37
39
41
42
44
45
47
49
51
53
55
56
58
60
61
63