QuickSortI-iteracja-klucz ˜rodkowy
3221
3869
4605
5402
6268
7202
8188
9241
10356
11535
12791
14094
15474
16908
18412
19980
21602
23295
25057
26883
28772
30706
32717
35008
36935
39154
41400
43744
46145
48611
51142
QuickSortI-iteracja-klucz prawy
20
23
25
28
29
33
36
39
42
42
46
48
51
55
57
59
62
63
66
68
74
77
81
86
88
90
94
92
94
97
102
QuickSortI-iteracja-klucz losowy
10
11
11
12
14
15
16
17
18
19
20
21
22
24
25
25
27
28
29
30
31
32
34
35
36
37
38
40
40
41
43
