SelectionSort
6476
7794
9301
10985
12711
14567
16519
18671
20903
23270
25992
28555
31283
34125
37172
40382
43645
47035
50702
54458
58264
62143
65970
70636
74779
78943
83727
90309
93380
98356
103509
InsertionSort
5665
6764
8076
9560
11002
12621
14283
16191
18280
20102
22358
24774
26781
29400
32328
35001
37742
40608
43849
47217
50184
53625
57047
61086
64527
68014
72311
76829
80790
85263
89161
CocktailSort
11020
13272
15771
18591
21605
24824
28027
31646
35632
39389
44022
48312
52512
57596
62900
68306
73917
79542
85658
92044
98082
104931
111343
119158
125688
133161
140914
150590
157518
166096
173799
HeapSort
16
17
19
21
23
26
28
30
31
33
35
37
38
41
42
45
46
49
52
53
56
58
59
63
64
66
68
71
73
75
75