SelectionSort
6443
7826
9279
10892
12601
14507
16538
18693
20889
23364
25757
28402
31226
34235
37221
40341
43738
47250
50722
54247
58109
62183
66347
70241
74690
79537
83873
88210
94761
99504
103596
InsertionSort
0
0
0
0
0
0
0
0
1
1
1
1
1
1
1
1
1
1
1
1
1
1
1
1
1
2
2
2
2
2
2
CocktailSort
0
0
0
0
0
0
0
0
0
0
0
0
0
0
0
0
0
0
1
1
1
1
1
1
1
1
1
1
1
1
1
HeapSort
15
17
18
20
21
24
25
27
28
30
32
33
35
37
38
40
42
44
46
48
49
51
53
55
56
58
61
62
64
65
67