SelectionSort
6491
7876
9346
11049
12683
14644
16719
18889
20891
23660
26039
28928
31237
34616
37545
40937
44206
47525
51246
55269
58141
62595
67128
71405
74803
80106
85038
89675
94945
101183
InsertionSort
0
0
0
0
0
0
0
0
1
1
1
1
1
1
1
1
1
1
1
1
1
1
1
1
1
2
2
2
2
2
CocktailSort
0
0
0
0
0
0
0
0
0
0
0
0
0
0
0
0
0
0
1
1
1
1
1
1
1
1
1
1
1
1
HeapSort
2
2
2
2
2
3
3
3
3
3
4
4
4
4
4
5
5
5
5
6
6
6
6
6
7
7
7
7
7
8