SelectionSort
6845
8335
9952
11715
13498
15548
17678
19940
22383
24964
27582
30476
33531
36538
39826
43200
46552
50379
54104
58086
62502
66405
70790
75489
79625
84946
89304
94562
99776
105469
110366
InsertionSort
5588
6780
8062
9486
10935
12581
14375
16185
18258
20221
22369
24722
27175
29702
32458
34972
37853
40945
43996
47251
50222
53697
57481
61526
65088
69105
72990
77343
80916
85642
89813
CocktailSort
9485
11383
13642
15993
18599
21236
24140
27278
30497
33931
38045
41731
45458
49729
54336
59187
63587
68858
73911
79333
84558
90616
96122
103230
108623
115078
122681
129633
135707
144005
150376
HeapSort
14
15
17
19
21
22
24
26
28
30
31
33
36
37
37
40
41
43
45
48
49
50
54
54
57
60
60
63
66
66
67